0: tensor([[[ 0.1194,  0.0110, -0.0550,  ...,  0.0094,  0.0743, -0.0385],
         [-0.0458,  0.0759, -0.0305,  ..., -0.0920,  0.1149, -0.0335],
         [-0.0641,  0.0018,  0.0161,  ...,  0.0177,  0.0356,  0.0228],
         ...,
         [ 0.0345,  0.0812,  0.0565,  ..., -0.0320, -0.0786, -0.0189],
         [ 0.0026, -0.0171, -0.0635,  ..., -0.0500, -0.0992, -0.0250],
         [ 0.0872, -0.1410, -0.0925,  ..., -0.0349, -0.0560,  0.0028]],

        [[ 0.0310,  0.0029,  0.0358,  ...,  0.0756,  0.0265,  0.0689],
         [-0.0377,  0.0363, -0.0666,  ..., -0.0446,  0.0980, -0.0077],
         [-0.1200, -0.0183,  0.0222,  ..., -0.1091, -0.0215, -0.1265],
         ...,
         [ 0.0566, -0.0019,  0.0215,  ..., -0.0542,  0.0220, -0.0296],
         [ 0.0543, -0.0696, -0.0483,  ..., -0.1168,  0.0620, -0.0953],
         [ 0.0457, -0.0052, -0.0200,  ..., -0.0109,  0.0121,  0.0995]],

        [[ 0.0778, -0.0138,  0.0909,  ...,  0.0405,  0.0454,  0.1149],
         [-0.0635, -0.0789,  0.0249,  ..., -0.0571,  0.0513, -0.0610],
         [ 0.0955,  0.0330, -0.0071,  ..., -0.0409,  0.0858, -0.1420],
         ...,
         [ 0.0801, -0.0026,  0.0044,  ..., -0.0186, -0.0013, -0.1008],
         [-0.0123,  0.0206, -0.0456,  ...,  0.0215, -0.1226,  0.0594],
         [-0.0827,  0.0914,  0.0368,  ...,  0.0182, -0.1129,  0.0712]],

        ...,

        [[-0.0023, -0.0579, -0.0125,  ..., -0.0507, -0.0118,  0.0099],
         [-0.0331, -0.0409, -0.0002,  ...,  0.0871,  0.0366,  0.0315],
         [-0.0117, -0.0335,  0.0565,  ..., -0.0354, -0.0868, -0.0733],
         ...,
         [ 0.0410,  0.0039, -0.1196,  ...,  0.0329,  0.1375, -0.0447],
         [ 0.0236,  0.0210,  0.0052,  ..., -0.0800, -0.0565,  0.0169],
         [-0.0014,  0.0845,  0.0416,  ..., -0.1002, -0.0348,  0.1252]],

        [[-0.0372,  0.0315,  0.1283,  ...,  0.0911,  0.0131,  0.0875],
         [-0.0881,  0.0261,  0.0196,  ...,  0.0857,  0.0271, -0.1714],
         [-0.0047,  0.0688,  0.0065,  ...,  0.0350, -0.0253,  0.0804],
         ...,
         [ 0.1580,  0.0422, -0.1539,  ..., -0.0359,  0.0400, -0.0289],
         [ 0.0232,  0.0082, -0.0424,  ..., -0.0480, -0.0104, -0.1163],
         [-0.0304,  0.0311,  0.0552,  ..., -0.0582,  0.1311,  0.0585]],

        [[-0.0475, -0.0027,  0.0083,  ..., -0.0751,  0.0274,  0.0806],
         [-0.0682, -0.0370, -0.0374,  ..., -0.0793,  0.1060, -0.0275],
         [-0.0512, -0.0279, -0.0214,  ..., -0.0825,  0.0529, -0.0108],
         ...,
         [-0.0134, -0.0192, -0.0844,  ...,  0.0529,  0.0232, -0.0293],
         [ 0.0473,  0.0242,  0.0187,  ..., -0.0656, -0.0463, -0.0568],
         [ 0.0016,  0.0551,  0.0949,  ..., -0.0980, -0.0025,  0.0554]]],
       dtype=torch.float16)
